-9.72937
-7.861475
-6.57135
-13.220616
-8.665385
-11.591436
-3.349065
0.156349
-3.659356
-8.780412
-1.142422
-14.55
-1.489024
-8.59023
10.95
12.534
1.83983
-1.8
-2.618223
-3.987238
-8.368182
-11.272222
10.95
-6.117187
-1.082285
-6.13134
-12.532014
-12.231818
-14.32027
-8.534034
5.55814
-8.095643
-11.58012
0.667742
-15.543506
-19.53913
-0.777333
-1.554088
-7.452062
-7.23116
0.907311
9.9832
-1.71252
-5.560791
-7.41
-6.705796
-10.143401
-3.090756
-9.531928
-10.013751
-0.799675
9.102174
-17.389483
5.457181
-26.947893
-11.223913
0.156349
-3.659356
-8.780412
-1.142422
-14.55
-1.489024
-8.59023
16.0293
9.982
1.83983
-1.8
-2.618223
-3.987238
-8.368182
-11.272222
10.95
-6.117187
-1.082285
-6.13134
-12.532014
-12.231818
-14.32027
-8.534034
5.55814
-8.095643
-11.58012
0.667742
-15.543506
-19.53913
-0.777333
-1.554088
-7.452062
-7.23116
0.907311
10.95
-1.71252
-5.560791
-7.41
-6.705796
-10.143401
-3.090756
-9.531928
-10.013751
-0.799675
-8.780412
-1.142422
-14.55
-1.489024
-8.59023
10.95
10.95
9.102174
-17.389483
5.457181
-26.947893
-11.223913
-19.176582
-9.961162
-15.396666
-13.220616
-24.797664
-15.774891
-3.022603
-35.180653
-10.660169
0.846842
-22.571127
-4.05
3.016511
-8.749571
-29.05
-3.904369
-21.091885
-2.475741
-7.103097
-19.32163
-33.397826
-27.3
-13.860811
-7.708537
-23.05
-11.440244
-5.10435
-2.99854
-17.504936
4.490344
-0.588462
-10.660169
0.846842
-22.571127
-4.05
3.016511
-8.749571
-29.05
-3.904369
-21.091885
-2.475741
-7.103097
-19.32163
-11.104054
-18.516667
-13.464894
-5.501613
-21.078986
-9.567241
-36.969463
-33.675
-21.093
-25.0923
-12.932
-10.0923
5.923
-8.0923
-2.9854
-7.7623
4.8754
1.843
0.123
2.0912
-5.0923
-2.0943
-8.236
1.0932
-20.0954
5.0934
9.09594
-6.934
-9.0923
-15.0923
-10.0923
6.0934
20.706846
5.923
-4.923
7.9823
-12.0934
-25.0934
10.9834
1.0923
-5.0923
-1.0923
-5.0923
12.0932
7.0923
13.0923
-1.077
-3.0923
0.0923
21.09843
6.0934
-1.367786
-0.528119
6.249499
-1.05345
3.08129
5.0923
4.8734
5.9834
-18.092
14.093
17.0923
0.398109
-2.19403
0.0932
16.0923
21.0923
10.0923
-5.923
4.0934
0.0932
6.0923
3.0934
7.983
11.8754
17.823
7.873
5.083
5.08129
16.093
19.0923
2.398109
0.145901
7.471881
24.0923
6.145901
1.6658
7.02932
8.737177
6.94655
11.08129
10.395691
1.6658
6.163963
8.737177
18.0923
11.08129
10.395691
6.145901
25.0923
14.249499
6.145901
1.6658
7.02932
8.737177
7.134122
8.398109
5.80597
6.567361
-12.2093
8.605711
0.0978
9.4534
11.6754
23.0923
-3.29
9.45468
0.361
25.0923
1.6658
6.163963
8.737177
4.762
20.23531
16.324
21.23123
25.231235
18.4456
24.943
9.21039
24.123534
13.978
1.20921
22.3612608
18.235324
9.12353
17.2343
7.94655
12.08129
19.232543
13.21334
16.92612904
-5.9823
18.63214817
19.47875335
8.2382
17.2352
21.98238099
5.762
21.23531
17.324
22.23123
2.6658
7.163963
9.737177
7.94655
12.08129
19.232543
13.21334
16.92612904
-5.9823
26.231235
19.4456
25.943
10.21039
26.123534
13.978
1.20921
22.3612608
18.235324
9.12353
10.2343
27.23812
25.2463
18.7841
19.2385
28.9074
37.3471346
32.3853
20.213
28.123821
6.20193
25.2111
16.1982
21.2314
29.21321
35.02932
33.200932
22.0923
35.20293
38.823
22.0923
35.20293
21.9834
39.23091
33.2093
22.01923
8.2109
28.231823
19.3284
21.23283
26.2381
22.2381
24.2321
17.12353
39.0923
26.343
24.3432
5.1923
15.23123
20.8833
30.1321
28.9911
20.1133
27.3367
19.2788
21.33433
29.7784
28.3341
21.2209
16.23592
18.35948
17.232
19.2382
20.231
28.32384
27.323
30.2381
21.23283
26.2381
22.2381
24.2321
20.213
28.123821
6.20193
25.2111
16.1982
21.2314
29.21321
35.02932
33.200932
22.0923
35.20293
45.2093
39.23091
33.2093
22.01923
13.20392
19.0594
37.3471346
32.3853
39.8732
12.5932
29.1287
20.2981
16.39823
19.2398
5.12309
27.29812
40.2091
22.3291
37.3471346
32.3853
39.8732
12.5932
29.21321
30.3123
32.1321
8.2109
28.231823
19.3284
27.23812
25.2463
18.7841
19.2385
28.9074
30.3123
32.1321
8.2109
28.231823
19.3284
27.23812
25.2463
18.7841
19.2385
28.9074
37.3471346
32.3853
39.8732
12.5932
29.1287
20.2981
16.39823
19.2398
5.12309
27.29812
37.2091
19.3291
32.02932
30.200932
19.0923
32.20293
42.2093
36.23091
30.2093
19.01923
10.20392
16.0594
19.40394
24.2039
26.392
38.0923
19.2039
37.0293
29.0293
33.20293
10.02932
32.02932
30.200932
19.0923
32.20293
24.2029
10.593
37.02392
9.923
39.0923
19.03923
30.2309
29.0293
35.0923
31.0923
29.0923
29.0943
10.05934
36.0923
20.0923
23.0934
12.0923
18.0923
30.9854
31.0923
38.9834
35.8754
28.9823
12.8734
