-65.2
-57.2
-59.4
-68.8
-66.2
-63.6
-62.2
-66
-65.2
-67.2
-63.6
-62.2
-54.2
-56.4
-71.8
-63.2
-60.6
-59.2
-63
-62.2
-64.2
-60.6
-59.2
-63.2
-64.2
-60.6
-64.4
-59.2
-60.6
-66.6
-63.4
-65.2
-61.6
-65.4
-60.2
-61.6
-63.6
-60.4
-63.2
-61.4
-55.2
-60.2
-65.2
-67.8
-62.2
-56.8
-63.6
-59.8
-62.2
-53.4
-57.2
-66.2
-62.6
-47.6
-64.8
-58.4
-52.6
-65.2
-62.6
-49.8
-32.8
-64.2
-66.2
-62.6
-61.2
-40.8
-57.2
-65.2
-61.2
-42
-65
-58.4
-63.2
-56.4
-58.4
-63.6
-55.2
-40.4
-63.2
-40.8
-57.2
-61
-60.2
-61.2
-58.6
-58.4
-61.2
-64.2
-62.2
-53.8
-39.2
-58.8
-61.2
-62.8
-63.6
-58.2
-63.2
-42.8
-60.2
-58.4
-74.2
-64.4
-67.2
-48.6
-40.6
-55.2
-64.4
-55.2
-56.2
-60.8
-63.2
-65.8
-65.2
-62.6
-58.8
-55.2
-62.2
-49
-62.6
-43
-68
-67.2
-65.6
-64.2
-69
-61.4
-60.2
-59.6
-64.2
-65
-64.2
-62.6
-61.2
-66
-58.4
-63.2
-63.6
-55.2
-62.4
-65.2
-66.2
-64.2
-55.8
-62.2
-62.2
-61.6
-60.2
-55.4
-57.4
-62.6
-55.4
-57.4
-54.4
-32.6
-52.4
-54.4
-58.6
-60.2
-56.2
-61.2
-58.6
-64.8
-57.2
-56
-44.2
-54.6
-58.8
-59.4
-57.6
-56.2
-58.6
-61.8
-56.6
-55.2
-56.2
-54.6
-60.2
-57
-57.4
-60.2
-61.2
-53.2
-50.2
-60.8
-56.2
-59.4
-50.2
-51.2
-55.8
-58.2
-58.2
-60.8
-58
-53.4
-58.2
-58.6
-50.2
-60.2
-63
-41.2
-62.2
-41.4
-56
-49
-58.2
-40.8
-56.6
-50.2
-55.2
-38.2
-52.8
-41.8
-49.2
-50.2
-56.2
-42.2
-57.2
-39
-56.6
-43.2
-55.2
-37.6
-54.8
-41.8
-52.4
-42.4
-48.2
-40.6
-50.4
-39.2
-57
-41.6
-48.8
-44.8
-58.2
-39.6
-46.2
-39.2
-49.8
-43.2
-51.2
-41.6
-50
-47.2
-54.2
-44
-48.6
-43.2
-52.8
-44.8
-25.6
-43.6
-51.6
-37.8
-50.2
-41.4
-52.6
-44.2
-62.8
-41.2
-50.6
-33.2
-50.2
-30.2
-54.2
-40.8
-52.6
-36.2
-58.2
-38.8
-55
-36.4
-54.2
-32.2
-55.8
-70.2
-54.6
-41
-46.8
-32.8
-18.2
-42.2
-53.2
-30.2
-54.2
-33.8
-46.2
-42.2
-43.2
-34.2
-53.8
-32.8
-49.2
-39.2
-45
-36
-49.2
-35.2
-43.6
-36.8
-47.8
-35.6
-48.4
-37.8
-46.6
-33.4 
-45.2
-36.2
-47.6
-37.2
-50.8
-29.2
-45.6
-26.2
-45.2
-34.8
-49.2
-28.2
-47.6
-30.8
-53.2
-28.4
-50
-24.2
-49.2
-26.4
-50.8
-34
-49.6
-25.8
-47.8
-35.2
-47.4
-23.2
-50.2
-26.8
-50.2
-35.2
-42.2
-27.2
-39.2
-2
-25.8
-27.8
-49.8
3.8
-27
-29.4
-45.2
-0.6
-37.2
-23.8
-47.8
-39.4
-25.6
-31.2
-45.4
-0.2
-28.2
-36.2
-0.2
-2.8
-32.6
-25.2
-10.8
-12.8
-25.2
-22.8
1.2
-23.6
-19
-24.4
-12.8
-25.4
-16.4
-24
-11.6
-17
-45.3
-23.2
-9
-19.4
-15.2
-25.2
-11.4
-21.2
-10.2
-27
-4.2
-25.2
-27.6
-23.8
-12.8
-21
-10
-31.8
-10.8
-25
-10
-27.2
-67.3
-24.8
-3.8
-22.2
1.8
-24.4
-0.4
-23.2
0.8
-27.8
-3.8
-25
-1
-35.2
-3
-8.2
-1.2
-30.6
5.2
-17.2
-2.8
-17.8
0
-19.4
-2.9
-13.8
-19
-21.2
4.8
-26.2
0.4
-15.2
-3.4
-12.8
3.8
-13.6
-1.8
-26.4
-3.4
-23.6
2.2
-26
3.2
-19
1.8
-25.2
-0.6
-21.4
-0.8
-27.2
0.8
-23.2
4
-29
3.2
-21.2
-2.8
-47.4
7.2
-23
5.6
-20.8
11.2
-27
5.4
-26.2
7.4
-14.6
8.2
-21.6
9.2
-14.2
5.2
-6.4
3
-12.2
3.8
-6.2
-47.2
-12
10.6
-10.2
0.4
-8.8
2.8
-6
-39.4
-8.8
5.2
-2
7.4
-4.2
1.8
-1.8
9.4
0.8
16.2
-1.4
7.4
3.2
